Dynamics Check for SC[0]

Nb:  1   Ng:  0
Mass:  187.000000
cm:  0.000000 0.000000 0.000000
I  :  47.000000  -0.000000  0.000000 
     -0.000000  63.000000  0.000000 
      0.000000 0.000000  107.000000
PosR:  0.000000 0.000000 0.000000
VelR:  -0.000000 -0.000000 0.000000

Dyn Structure
-------------
Nu:  6   Nx:  7  Nf:  0
u[00]: 0.017453
u[01]: 0.000000
u[02]: 0.000000
u[03]: 0.000000
u[04]: 0.000000
u[05]: 0.000000

x[00]: 0.242404
x[01]: 0.742404
x[02]: -0.346189
x[03]: -0.519837
x[04]: 0.000000
x[05]: 0.000000
x[06]: 0.000000



Body Structure [00]
-------------------
Mass:  187.000000
cm:  0.000000 0.000000 0.000000
c:   0.000000 0.000000 0.000000
I:  47.000000 -0.000000 -0.000000
     -0.000000 63.000000 -0.000000
   -0.000000 -0.000000 107.000000
wn:  0.017453 0.000000 0.000000
qn:  0.242404 0.742404 -0.346189 -0.519837
vn:  0.000000 0.000000 0.000000
pn:  0.000000 0.000000 0.000000

CN:
-0.342020 0.719846 0.604023
0.000000 0.642788 -0.766044
-0.939693 -0.262003 -0.219846
Nf: 0   f0: 0
Mf:

Kf:

Cf:

Pf:




Hf:





